"lc_p" "lc_L" "lc_g" "lc_p_claims" "lc_L_claims" "lc_g_claims" "lc_p_crime" "lc_L_crime" "lc_g_crime" "lc_p_health" "lc_L_health" "lc_g_health" "pop_bins" "cases_group_claims" "cases_group_crime" "cases_group_health" "cases_group" "pop_group" "year"
"1" 0 0 0 0 0 0 0 0 0 0 0 0 "0" 0 0 0 0 0 "2013"
"2" 0.1 0.030636165972204 666389.39557058 0.1 0.0206400687966372 287295 0.1 0.0308261527527033 162438.895350105 0.1 0.0845345564790239 216655.500220474 "1" 4029805 1467779.56470279 264615.891980968 5762200.45668376 4366277 "2013"
"3" 0.2 0.0716144327675819 1557737.30333677 0.2 0.0516969801250567 719585 0.2 0.0713867376913889 376173.533760875 0.2 0.180254691660642 461978.769575898 "2" 2551580 818512.525715786 263114.674131721 3633207.19984751 4364833 "2013"
"4" 0.3 0.121079199199382 2633681.20031246 0.3 0.0921168005396829 1282200 0.3 0.119820616307472 631396.616674706 0.3 0.280962315026643 720084.583637751 "3" 1902030 654733.294624128 262679.067822508 2819442.36244664 4365293 "2013"
"5" 0.4 0.179714736607874 3909105.16713823 0.4 0.142647413283082 1985550 0.4 0.178718666273283 941760.814616426 0.4 0.383076128044672 981794.3525218 "4" 1447830 553498.333359294 263940.849945024 2265269.18330432 4365194 "2013"
"6" 0.5 0.249650462251599 5430327.6981428 0.5 0.205899943854875 2865980 0.5 0.250348578794467 1319215.76195641 0.5 0.48556814173508 1244473.42034431 "5" 1122060 455776.20177161 263439.883479562 1841276.08525117 4366332 "2013"
"7" 0.6 0.334300128232712 7271603.78339397 0.6 0.286511843101136 3988040 0.6 0.336841575355278 1774991.96372802 0.6 0.588230120121106 1507588.09447603 "6" 880430 377454.947339981 263337.583664592 1521222.53100457 4365343 "2013"
"8" 0.7 0.438442185613455 9536872.96669829 0.7 0.390527961745161 5435870 0.7 0.441879375173641 2328490.29708731 0.7 0.690979073259571 1770925.67814062 "7" 703350 310364.19794172 261709.768884049 1275423.96682577 4365866 "2013"
"9" 0.8 0.568061451374759 12356315.3291449 0.8 0.527175066822757 7337900 0.8 0.566128610609918 2983223.59171144 0.8 0.793767941698952 2034365.56162018 "8" 562615 255223.082913831 258105.814061854 1075943.89697568 4364896 "2013"
"10" 0.9 0.735092228763751 15989522.5289924 0.9 0.710487643582267 9889480 0.9 0.721458355332289 3801736.11742723 0.9 0.89675227703359 2298306.41156521 "9" 432290 213734.63841077 245323.269355424 891347.907766194 4365692 "2013"
"11" 1 1 21751722.9856762 1 1 13919285 1 1 5269515.68213001 1 1 2562922.30354618 "10" 287295 162438.895350105 216655.500220474 666389.39557058 4366853 "2013"
"12" 0 0 0 0 0 0 0 0 0 0 0 0 "0" 0 0 0 0 0 "2014"
"13" 0.1 0.0326185176966806 584372.634452158 0.1 0.0190153854492404 189450 0.1 0.0295095615543686 151299.523450979 0.1 0.0862308239561847 243623.111001179 "1" 3017865 1475200.06698886 297877.348307096 4790942.41529595 4401037 "2014"
"14" 0.2 0.0751632173129471 1346576.43622894 0.2 0.0478987973985708 477215 0.2 0.0687149430416961 352310.830407125 0.2 0.183010961414264 517050.605821818 "2" 1861420 789726.011463316 292238.765735551 2943384.77719887 4401707 "2014"
"15" 0.3 0.125543727671045 2249161.6437107 0.3 0.0853910750643507 850750 0.3 0.116483423765304 597226.308264818 0.3 0.283580943257787 801185.335445885 "3" 1345620 646533.304479569 284893.173548452 2277046.47802802 4401117 "2014"
"16" 0.4 0.184772997367211 3310275.60023326 0.4 0.133325002496742 1328315 0.4 0.174442828211867 894392.033892801 0.4 0.384419377647767 1086078.50899434 "4" 1021450 524338.139489866 285184.256142066 1830972.39563193 4400578 "2014"
"17" 0.5 0.254908550848253 4566779.60625827 0.5 0.194180760083449 1934620 0.5 0.244928253447218 1255780.36657609 0.5 0.485360841228137 1371262.7651364 "5" 782010 435557.70643376 288671.135452549 1506238.84188631 4401250 "2014"
"18" 0.6 0.338983805955906 6073018.44814458 0.6 0.272672296505515 2716630 0.6 0.329879723586191 1691338.07300985 0.6 0.586726684007945 1657645.99603097 "6" 606305 361388.332683287 288810.67334173 1256504.00602502 4402256 "2014"
"19" 0.7 0.44118504189339 7903990.84377652 0.7 0.375196790921596 3738080 0.7 0.432146989534272 2215676.21249971 0.7 0.688902334586187 1946317.13148352 "7" 477565 297165.725627982 286383.230894571 1061113.95652255 4400003 "2014"
"20" 0.8 0.568285245532036 10181037.3218045 0.8 0.510258722661933 5083700 0.8 0.558247283245183 2862209.51697928 0.8 0.79112737484305 2235127.80482525 "8" 373535 244915.477857693 284134.729624067 902585.207481759 4401521 "2014"
"21" 0.9 0.732579127180359 13124422.0990034 0.9 0.697092287100703 6945120 0.9 0.712275979534589 3651935.5284426 0.9 0.894565794366365 2527366.5705608 "9" 287765 201011.306956147 273427.494820639 762203.801776785 4401936 "2014"
"22" 1 1 17915364.5142994 1 1 9962985 1 1 5127135.59543146 1 1 2825243.9188679 "10" 189450 151299.523450979 243623.111001179 584372.634452158 4401657 "2014"
"23" 0 0 0 0 0 0 0 0 0 0 0 0 "0" 0 0 0 0 0 "2015"
"24" 0.1 0.0359291533161578 543650.993675676 0.1 0.0182635769816225 138640 0.1 0.0303009558837234 131268.704448187 0.1 0.0853320600423838 273742.28922749 "1" 2330395 1246112.31276706 335634.169563213 3912141.48233028 4437991 "2015"
"25" 0.2 0.0818980414627839 1239215.16406319 0.2 0.046857061558556 355695 0.2 0.0694934837036887 301057.155040926 0.2 0.181567738761222 582463.009022268 "2" 1426005 671112.436942182 330244.818373182 2427362.25531536 4438814 "2015"
"26" 0.3 0.135502550969718 2050315.4035402 0.3 0.08346984250563 633625 0.3 0.117388049552182 508544.2598427 0.3 0.282590480068156 906540.459580253 "3" 1029170 535759.795989708 324077.450557985 1889007.24654769 4436135 "2015"
"27" 0.4 0.19751565914788 2988647.78185466 0.4 0.130818271217543 993050 0.4 0.175177080243883 758895.80714458 0.4 0.383767543745764 1231112.97095133 "4" 773265 442459.614260631 324572.511371076 1540297.12563171 4438998 "2015"
"28" 0.5 0.269616848295033 4079624.87168827 0.5 0.190585247261089 1446745 0.5 0.245893294822647 1065250.03263027 0.5 0.485290815438006 1556796.10562656 "5" 585485 371469.616100393 325806.530225343 1282761.14632574 4438651 "2015"
"29" 0.6 0.354392784383623 5362386.01801401 0.6 0.267713423610521 2032230 0.6 0.331640194640985 1436719.64873067 0.6 0.586852552493129 1882602.6358519 "6" 453695 306354.225485694 330927.864347919 1090977.08983361 4438116 "2015"
"30" 0.7 0.456188922389532 6902683.14364571 0.7 0.369578576919049 2805495 0.7 0.433773824346553 1879179.2629913 0.7 0.689271312774414 2211158.46686448 "7" 359425 250351.54730188 328555.831012576 938332.378314456 4437129 "2015"
"31" 0.8 0.581030837084963 8791690.3901934 0.8 0.50515507376106 3834665 0.8 0.557444077746247 2414939.05898101 0.8 0.792216571066922 2541403.28523766 "8" 277930 207487.104801774 325683.134675233 811100.239477007 4438554 "2015"
"32" 0.9 0.741451900671042 11219052.6455088 0.9 0.693008161568897 5260670 0.9 0.712357988341211 3086051.49592319 0.9 0.895374751229458 2872331.14958558 "9" 217055 169788.450592739 308720.719794779 695564.170387518 4437910 "2015"
"33" 1 1 15131194.127839 1 1 7591065 1 1 4332163.80869025 1 1 3207965.31914879 "10" 138640 131268.704448187 273742.28922749 543650.993675676 4438915 "2015"
"34" 0 0 0 0 0 0 0 0 0 0 0 0 "0" 0 0 0 0 0 "2016"
"35" 0.1 0.0429041039701393 699961.181516679 0.1 0.0248339314862659 183785 0.1 0.0336280791107933 185747.98982697 0.1 0.0357077006366142 121063.130020899 "1" 2211430 1572440.84581147 384184.735360232 4168055.5811717 4473746 "2016"
"36" 0.2 0.0943685994815556 1539581.30525595 0.2 0.0585597576399624 433375 0.2 0.0766625479496602 423453.094949233 0.2 0.133167851788473 451491.321710607 "2" 1346425 830930.550505266 377665.959878257 2555021.51038352 4474181 "2016"
"37" 0.3 0.154347287723585 2518106.65837673 0.3 0.102515890689353 758675 0.3 0.129621156887535 715975.160269507 0.3 0.237086495634818 803816.34032761 "3" 956000 660722.679171843 368151.619128934 1984874.29830078 4473491 "2016"
"38" 0.4 0.215145968332213 3510009.81857533 0.4 0.158606916233366 1173780 0.4 0.194453627056475 1074083.66149319 0.4 0.343476319003829 1164519.62812812 "4" 710840 539926.0017226 367693.263627225 1618459.26534983 4474895 "2016"
"39" 0.5 0.284890148836645 4647854.79078991 0.5 0.220937334471986 1635060 0.5 0.268600954886318 1483643.69167089 0.5 0.45070463037619 1528065.71959172 "5" 540805 435934.21050273 363546.091463603 1340285.30196633 4473319 "2016"
"40" 0.6 0.367042904537488 5988140.09275624 0.6 0.294013561135914 2175865 0.6 0.34752310166994 1919577.90217362 0.6 0.558253075609544 1892697.19058262 "6" 415105 358108.501223684 364631.470990892 1137844.97221458 4473410 "2016"
"41" 0.7 0.466246326706621 7606599.35810606 0.7 0.390065751780946 2886705 0.7 0.445272069595867 2459503.90389622 0.7 0.66670459987985 2260390.45420984 "7" 325300 292522.065320274 360703.28780051 978525.353120784 4474352 "2016"
"42" 0.8 0.587909149604071 9591473.65640684 0.8 0.519245165230739 3842705 0.8 0.564890239063992 3120226.58306807 0.8 0.77529131659923 2628542.07333877 "8" 249590 237705.105122263 352325.018617004 839620.123739267 4473274 "2016"
"43" 0.9 0.744519132303269 12146495.1667904 0.9 0.701180721458917 5189130 0.9 0.715323082584912 3951157.13357333 0.9 0.886684298373651 3006208.03321703 "9" 183785 185747.98982697 330428.191689708 699961.181516679 4473656 "2016"
"44" 1 1 16314550.7479621 1 1 7400560 1 1 5523597.9793848 1 1 3390392.76857726 "10" 461280 409560.030177701 121063.130020899 991903.1601986 4474643 "2016"
"45" 0 0 0 0 0 0 0 0 0 0 0 0 "0" 0 0 0 0 0 "2017"
"46" 0.1 0.0452449487906604 794307.479387206 0.1 0.0270473754871708 209620 0.1 0.0368157980725093 221436.991019409 0.1 0.061926407330522 234755.810192603 "1" 2338275 1736357.78142567 417665.83503409 4492298.61645976 4498751 "2017"
"47" 0.2 0.0924200211946814 1622499.66111605 0.2 0.0624830244235401 484250 0.2 0.08268716456139 497340.75790885 0.2 0.157748520049349 598006.298560399 "2" 1436030 906613.654829084 411597.565915522 2754241.22074461 4498046 "2017"
"48" 0.3 0.145779031804381 2559255.30683655 0.3 0.099880582263079 774085 0.3 0.133163495266387 800942.129445091 0.3 0.25963027270471 984228.177391457 "3" 1027620 731895.926454744 398782.871151315 2158298.79760606 4496598 "2017"
"49" 0.4 0.207448171044207 3641901.2121774 0.4 0.145515447855223 1127760 0.4 0.189341204173443 1138835.73691878 0.4 0.36279283990836 1375305.47525862 "4" 774600 599024.006497732 394226.450122976 1767850.45662071 4499322 "2017"
"50" 0.5 0.279324620869233 4903743.76507696 0.5 0.204398521052295 1584110 0.5 0.25731745375089 1547694.35075537 0.5 0.466786124295025 1769531.9253816 "5" 589470 493141.723492132 396671.596457664 1479283.3199498 4498043 "2017"
"51" 0.6 0.363586823850932 6383027.08502675 0.6 0.280458135728484 2173580 0.6 0.339306492843388 2040836.0742475 0.6 0.571414481954718 2166165.86444456 "6" 456350 408858.613836594 396633.939062966 1261842.55289956 4498223 "2017"
"52" 0.7 0.46428624498827 8150877.54164746 0.7 0.380405168704166 2948180 0.7 0.438899369183877 2639860.08074523 0.7 0.676052773286174 2562837.46090223 "7" 353675 337893.607473685 391077.297867164 1082645.90534085 4497123 "2017"
"53" 0.8 0.58722619092453 10309176.3392535 0.8 0.512999501297079 3975800 0.8 0.560583341289911 3371756.00719998 0.8 0.781247999317387 2961620.33205354 "8" 274630 275903.766889441 386221.878831057 936755.645720498 4499136 "2017"
"54" 0.9 0.744111913674937 13063417.5599981 0.9 0.698291184442017 5411830 0.9 0.711315633542932 4278369.66202906 0.9 0.889823623078196 3373217.89796906 "9" 209620 221436.991019409 363250.488367796 794307.479387206 4497266 "2017"
"55" 1 1 17555716.1764579 1 1 7750105 1 1 6014727.44345473 1 1 3790883.73300315 "10" 289835 303601.371536241 234755.810192603 828192.181728844 4498951 "2017"
"56" 0 0 0 0 0 0 0 0 0 0 0 0 "0" 0 0 0 0 0 "2018"
"57" 0.1 0.0456219867183168 872165.003478881 0.1 0.0267773284872305 237635 0.1 0.0371600867813776 224768.744638467 0.1 0.0671783727436127 281750.293166559 "1" 2694785 1753084.72438041 455394.741302725 4903264.46568314 4523428 "2018"
"58" 0.2 0.0948376197739839 1813030.49099562 0.2 0.0621833266944504 551845 0.2 0.0828977451311568 501420.306580858 0.2 0.164878695511335 691511.552006973 "2" 1631305 920864.702289701 440545.265711526 2992714.96800123 4522542 "2018"
"59" 0.3 0.148163757387496 2832477.34859007 0.3 0.103914762377761 922190 0.3 0.130638926847449 790190.500931035 0.3 0.267067276826228 1120096.84765904 "3" 1168085 733722.078267731 434029.1080383 2335836.18630603 4521998 "2018"
"60" 0.4 0.2097017429498 4008911.81040805 0.4 0.148929768882363 1321675 0.4 0.186804503423881 1129916.99869871 0.4 0.37044842289812 1553683.83442361 "4" 874475 603047.822555835 433586.986764574 1911109.80932041 4523383 "2018"
"61" 0.5 0.281077783696748 5373422.41821499 0.5 0.207051451436337 1837475 0.5 0.254684798306501 1540501.84894996 0.5 0.473934984965823 1987712.94246191 "5" 668360 497439.20373359 435060.817478916 1600860.02121251 4523014 "2018"
"62" 0.6 0.364817000856715 6974282.4394275 0.6 0.282363990699179 2505835 0.6 0.336924364171995 2037941.05268355 0.6 0.577667539896873 2422773.75994083 "6" 515800 410584.850251255 438125.757555684 1364510.60780694 4522034 "2018"
"63" 0.7 0.464785041296636 8885392.24874791 0.7 0.380902103051614 3380310 0.7 0.436623766130841 2640988.87523939 0.7 0.681915620425666 2859996.72399113 "7" 399485 339726.497767674 437222.964050303 1176434.46181798 4523564 "2018"
"64" 0.8 0.586970048769706 11221228.4350539 0.8 0.512524952152153 4548395 0.8 0.55792700224446 3374710.95350712 0.8 0.7863789560938 3298122.48154682 "8" 314210 276651.561942392 428585.295652065 1019446.85759446 4523081 "2018"
"65" 0.9 0.743515658805946 14213943.4030552 0.9 0.696344632956166 6179700 0.9 0.710169754260687 4295575.65579682 0.9 0.891419180676307 3738667.74725834 "9" 237635 224768.744638467 409761.258840414 872165.003478881 4521051 "2018"
"66" 1 1 19117207.8687383 1 1 8874485 1 1 6048660.38017724 1 1 4194062.48856107 "10" 370345 288770.194350177 281750.293166559 940865.487516736 4524625 "2018"
"67" 0 0 0 0 0 0 0 0 0 0 0 0 "0" 0 0 0 0 0 "2019"
"68" 0.1 0.0375630740215614 817536.052407925 0.1 0.0195328306214519 219880 0.1 0.0308386029307763 181838.349656175 0.1 0.090180345720395 415817.702751751 "1" 3302395 1678627.85401686 484086.479772302 5465109.33378916 4546814 "2019"
"69" 0.2 0.0849369895749956 1848598.73610708 0.2 0.0493108920759584 555090 0.2 0.071532671187902 421788.980016498 0.2 0.189053973544939 871719.75609058 "2" 2105935 888477.247839994 463677.680472426 3458089.92831242 4547412 "2019"
"70" 0.3 0.13978352408946 3042298.14658323 0.3 0.0877982436620238 988340 0.3 0.12118889774595 714584.548860421 0.3 0.288433305034751 1329953.58732053 "3" 1537640 725964.648492711 458233.831229952 2721838.47972266 4546754 "2019"
"71" 0.4 0.202879870825468 4415549.39333445 0.4 0.136370480623295 1535115 0.4 0.180648238118643 1065183.71021948 0.4 0.388083853971355 1789437.99055451 "4" 1174765 600574.531128812 459484.403233977 2234823.93436279 4547280 "2019"
"72" 0.5 0.276183288923601 6010950.95779525 0.5 0.198849687903779 2238440 0.5 0.252675952815195 1489891.6906467 0.5 0.48846548882215 2252293.39955393 "5" 897770 512916.278463232 462855.408999424 1873541.68746266 4546891 "2019"
"73" 0.6 0.362266324505162 7884492.6452579 0.6 0.278602231777805 3136210 0.6 0.339663221882295 2002807.96910993 0.6 0.589025453564195 2715971.08002636 "6" 703325 424707.980427218 467368.584033573 1595401.56446079 4547169 "2019"
"74" 0.7 0.464949082806003 10119316.5796207 0.7 0.382961362963042 4310975 0.7 0.441516761198057 2603382.50023874 0.7 0.690385881963661 3183339.66405993 "7" 546775 350599.16135906 475877.085392163 1373251.24675122 4546770 "2019"
"75" 0.8 0.590008546529251 12841155.0593434 0.8 0.519556149559228 5848615 0.8 0.564635649919708 3329347.14873145 0.8 0.791808175523499 3650993.50569216 "8" 433250 292795.568843923 467653.84163223 1193699.41047615 4547036 "2019"
"76" 0.9 0.748896325933995 16299244.9876558 0.9 0.706634881844053 7954550 0.9 0.7153156198544 4217824.39657145 0.9 0.895013882729043 4126870.59108432 "9" 335210 239950.630360323 455902.053338829 1031062.68369915 4546497 "2019"
"77" 1 1 21764354.3214449 1 1 11256945 1 1 5896452.2505883 1 1 4610957.07085663 "10" 219880 181838.349656175 415817.702751751 817536.052407925 4547659 "2019"
"78" 0 0 0 0 0 0 0 0 0 0 0 0 "0" 0 0 0 0 0 "2020"
"79" 0.1 0.0400382585430613 1342279.85812414 0.1 0.0302085169655898 688010 0.1 0.0341132464655639 196481.167784394 0.1 0.091743198810649 457788.690339748 "1" 5431445 1403771.03613233 512573.116640268 7347789.1527726 4570516 "2020"
"80" 0.2 0.0911600974876057 3056135.98530129 0.2 0.0726423045250866 1654455 0.2 0.0791743829697257 456018.609668361 0.2 0.189515584736388 945662.375632931 "2" 3864705 888012.847297571 498597.723295728 5251315.5705933 4569012 "2020"
"81" 0.3 0.150553173287178 5047284.75796993 0.3 0.124382419337736 2832855 0.3 0.132787254474314 764811.254546937 0.3 0.289206587486108 1443109.75243132 "3" 3080760 741423.321754656 497447.376798392 4319630.69855305 4569740 "2020"
"82" 0.4 0.218432387721949 7322930.74349876 0.4 0.185676936461831 4228860 0.4 0.197127294185114 1135388.88779664 0.4 0.389128125567158 1941707.47572705 "4" 2481760 619962.823069929 503857.942510752 3605580.76558068 4567274 "2020"
"83" 0.5 0.296615645014383 9944019.0556516 0.5 0.258843272105628 5895250 0.5 0.274254251848804 1579614.99581941 0.5 0.490103838527175 2445565.4182378 "5" 2021445 526888.655261632 508262.179209214 3056595.83447085 4571660 "2020"
"84" 0.6 0.387789459134798 13000614.8901224 0.6 0.347599039576314 7916695 0.6 0.365733159265381 2106503.65108104 0.6 0.591099228320172 2949521.54602787 "6" 1666390 444226.108022777 510472.204130058 2621088.31215284 4570051 "2020"
"85" 0.7 0.495338696364622 16606195.6557031 0.7 0.456565899163416 10398455 0.7 0.473371691860417 2726466.47415097 0.7 0.692957572877611 3457783.72523708 "7" 1396005 370577.633249699 509063.352279133 2275645.98552883 4568412 "2020"
"86" 0.8 0.624187005957014 20925826.3542562 0.8 0.591833105638483 13479215 0.8 0.602098311289348 3467889.79590563 0.8 0.794976476622697 3966847.07751621 "8" 1178400 308792.644878576 503956.127790063 1991148.77266864 4571275 "2020"
"87" 0.9 0.780826122035572 26177141.9248495 0.9 0.76152105575476 17343920 0.9 0.756275942998514 4355902.6432032 0.9 0.897277721496303 4477319.28164627 "9" 966445 259537.441883967 487873.685293183 1713856.12717715 4570092 "2020"
"88" 1 1 33524931.0776221 1 1 22775365 1 1 5759673.67933553 1 1 4989892.39828654 "10" 688010 196481.167784394 457788.690339748 1342279.85812414 4569866 "2020"
"89" 0 0 0 0 0 0 0 0 0 0 0 0 "0" 0 0 0 0 0 "2021"
"90" 0.1 0.0372968583460183 1278252.31801815 0.1 0.0263406374179452 618190 0.1 0.0325458622597342 184162.193068182 0.1 0.0925015176059215 475900.124949966 "1" 5881285 1416645.25566489 508259.411831315 7806189.66749621 4570949 "2021"
"91" 0.2 0.0855636609495515 2932470.797733 0.2 0.0646898512339224 1518210 0.2 0.0761399321297175 430841.154834589 0.2 0.191148950467581 983419.642898413 "2" 4160625 859158.897336606 507852.329077126 5527636.22641373 4568540 "2021"
"92" 0.3 0.141849922362139 4861535.26358489 0.3 0.112040916849674 2629495 0.3 0.128365708695053 726363.00858681 0.3 0.289861072395002 1491271.97197554 "3" 3224195 733650.580724467 516329.707698863 4474175.28842333 4570182 "2021"
"93" 0.4 0.207023604929224 7095192.85592869 0.4 0.169661460663529 3981795 0.4 0.191357228126345 1082803.29185797 0.4 0.388652319690498 1999531.38380685 "4" 2551315 609607.763637497 526138.184921958 3687060.94855946 4570006 "2021"
"94" 0.5 0.283090986359382 9702203.49839614 0.5 0.239726047826372 5626145 0.5 0.267579964639191 1514112.99893649 0.5 0.489012204135135 2515861.09150572 "5" 2025495 525368.486909492 524256.674563844 3075120.16147334 4568687 "2021"
"95" 0.6 0.372816871806849 12777323.6598695 0.6 0.326030953093136 7651640 0.6 0.360425136200711 2039481.48584598 0.6 0.590524305451652 3038118.70360538 "6" 1644350 431309.707078522 531350.935388927 2607010.64246745 4569351 "2021"
"96" 0.7 0.480397971385661 16464384.6084289 0.7 0.43474067559587 10202955 0.7 0.46815740185887 2649089.24948348 0.7 0.692424967943152 3562375.37816923 "7" 1352300 356440.283271157 524917.309072644 2233657.5923438 4569740 "2021"
"97" 0.8 0.610945500692165 20938559.8968523 0.8 0.572121337624941 13427150 0.8 0.597810998773805 3382739.83020794 0.8 0.794454039088996 4087292.68724187 "8" 1111285 295521.853752221 522257.612099667 1929064.46585189 4570034 "2021"
"98" 0.9 0.772230923310851 26466196.123266 0.9 0.749402617744383 17587775 0.9 0.749644915747144 4241898.72754455 0.9 0.896720413952467 4613430.87216383 "9" 900020 246678.961766406 507519.517948447 1654218.47971485 4569851 "2021"
"99" 1 1 34272385.7907622 1 1 23469060 1 1 5658543.98320945 1 1 5144781.80755276 "10" 618190 184162.193068182 475900.124949966 1278252.31801815 4570558 "2021"
